bass_enable=false
bass_maxgain=4
compression_aggressiveness=800
compression_enable=false
compression_maxatk=30
compression_maxrel=200
convolver_enable=false
convolver_file="/home/samantha/.config/jamesdsp/irs/CorredHRTF_Crossfeed.wav"
convolver_optimization_mode=2
convolver_waveform_edit="-80;-100;0;0;0;0"
crossfeed_bs2b_fcut=650
crossfeed_bs2b_feed=95
crossfeed_enable=true
crossfeed_mode=1
ddc_enable=false
ddc_file="/home/samantha/.config/jamesdsp/vdc/Butterworth.vdc"
graphiceq_enable=true
graphiceq_param="GraphicEQ: 20 -0.3; 21 -0.2; 22 -0.4; 23 -0.7; 24 -1.2; 26 -2.1; 27 -2.4; 29 -3.1; 30 -3.4; 32 -3.9; 34 -4.4; 36 -4.8; 38 -5.1; 40 -5.4; 43 -5.8; 45 -6; 48 -6.3; 50 -6.5; 53 -6.6; 56 -6.7; 59 -6.6; 63 -6.2; 66 -5.7; 70 -5.4; 74 -5.4; 78 -5.7; 83 -6.1; 87 -5.8; 92 -5.5; 97 -5.7; 103 -6.1; 109 -6.3; 115 -6.3; 121 -6.3; 128 -6.1; 136 -6; 143 -5.9; 151 -5.6; 160 -5.3; 169 -5; 178 -4.7; 188 -4.3; 199 -3.9; 210 -3.6; 222 -3.4; 235 -3.5; 248 -3.9; 262 -4.5; 277 -5.1; 292 -5.4; 309 -5.5; 326 -5.4; 345 -5.4; 364 -5.3; 385 -5.3; 406 -5.3; 429 -5.2; 453 -5.2; 479 -5.1; 506 -5.1; 534 -5; 565 -4.9; 596 -4.9; 630 -4.8; 665 -4.8; 703 -4.8; 743 -4.8; 784 -4.7; 829 -4.6; 875 -4.6; 924 -4.5; 977 -4.5; 1032 -4.5; 1090 -4.5; 1151 -4.7; 1216 -4.9; 1284 -5; 1357 -5; 1433 -5.1; 1514 -5.3; 1599 -5.4; 1689 -5.6; 1784 -5.7; 1885 -5.8; 1991 -5.9; 2103 -5.9; 2221 -6; 2347 -6.4; 2479 -7; 2618 -7.7; 2766 -8.5; 2921 -9.1; 3086 -8.7; 3260 -8; 3443 -7.5; 3637 -6.6; 3842 -7.1; 4058 -8.6; 4287 -10.3; 4528 -11.5; 4783 -10.9; 5052 -9.9; 5337 -9.3; 5637 -9.4; 5955 -9.9; 6290 -10.6; 6644 -10.7; 7018 -10.1; 7414 -9.8; 7831 -9.4; 8272 -8.6; 8738 -7.6; 9230 -6.6; 9749 -5.6; 10298 -4.9; 10878 -4.6; 11490 -4.3; 12137 -4.1; 12821 -3.8; 13543 -3.7; 14305 -3.6; 15110 -3.5; 15961 -3.4; 16860 -3.4; 17809 -3.5; 18812 -3.5; 19871 -3.6"
liveprog_enable=false
liveprog_file="/home/samantha/.config/jamesdsp/liveprog/msCentreBoostFixed.eel"
master_enable=true
master_limrelease=30
master_limthreshold=0
master_postgain=0
reverb_bassboost=0.00000
reverb_decay=7.54000
reverb_delay=35.20000
reverb_enable=false
reverb_finaldry=-7.00000
reverb_finalwet=-70.00000
reverb_lfo_spin=0.50000
reverb_lfo_wander=0.14000
reverb_lpf_bass=457
reverb_lpf_damp=626
reverb_lpf_input=18000
reverb_lpf_output=11925
reverb_osf=1
reverb_reflection_amount=0.43000
reverb_reflection_factor=1.20000
reverb_reflection_width=0.76000
reverb_wet=-66.60000
reverb_width=0.92000
stereowide_enable=false
stereowide_level=34
tone_enable=false
tone_eq="25;40;64.2;100;160;250;400;630;1000;1600;2500;4000;6300;10000;16000;0;0;-2.8;0;0;-1;0;0;0;0;0;0;0;0;0"
tone_filtertype=0
tone_interpolation=0
tube_enable=false
tube_pregain=200
